Matrix A (Рандомная матрица):
0.9777348812820533	0.10733146030772411	0.7859178629606555	0.21654218437441863	
0.10580642844983812	0.1558791871102655	0.703784058147196	0.6679408680341856	
0.9502868013570193	0.48734535846073135	0.02220819731834467	0.7242459426746892	
0.304898153121375	0.2597013386086495	0.23217842563309699	0.04921633674425396	

Matrix B (Известная матрица):
1.0	2.0	1.0	2.0	
2.0	1.0	2.0	1.0	
1.0	2.0	1.0	2.0	
2.0	1.0	2.0	1.0	

Matrix C = A + B:
1.9777348812820534	2.1073314603077242	1.7859178629606554	2.2165421843744184	
2.105806428449838	1.1558791871102656	2.703784058147196	1.6679408680341856	
1.9502868013570192	2.4873453584607312	1.0222081973183448	2.7242459426746892	
2.304898153121375	1.2597013386086495	2.232178425633097	1.049216336744254	

Matrix D = C * 2:
3.955469762564107	4.2146629206154484	3.5718357259213107	4.433084368748837	
4.211612856899676	2.311758374220531	5.407568116294392	3.3358817360683712	
3.9005736027140383	4.9746907169214625	2.0444163946366896	5.4484918853493784	
4.60979630624275	2.519402677217299	4.464356851266194	2.098432673488508	

Matrix M = C / 2:
0.9888674406410267	1.0536657301538621	0.8929589314803277	1.1082710921872092	
1.052903214224919	0.5779395935551328	1.351892029073598	0.8339704340170928	
0.9751434006785096	1.2436726792303656	0.5111040986591724	1.3621229713373446	
1.1524490765606874	0.6298506693043248	1.1160892128165485	0.524608168372127	

Matrix E = C * D:
33.88204684030089	27.675878349104607	32.00627756603188	30.179097644122137	
31.4327456761461	29.200081805361126	26.74603376926639	31.422700946436215	
34.73545335711493	25.918585079578868	34.66841876354842	28.229415651210243	
27.96577914114482	26.374289640583974	24.29221667316572	28.783738543821844	

